0 9110
1 9110
2 9110
3 9110
4 9110
5 9110
6 9110
7 9110
8 9110
9 9110
10 9110
11 9110
12 9110
13 9110
14 9110
15 9110
16 9110
17 9110
18 9110
19 9110
20 9110
21 9110
22 9110
23 9110
24 9110
25 9110
26 9110
27 9110
28 9110
29 9110
30 9110
31 9110
32 9110
33 9110
34 9110
35 9110
36 9110
37 9110
38 9110
39 9110
40 9110
41 9110
42 9110
43 9110
44 9110
45 9110
46 9110
47 9110
48 9110
49 9110
50 9110
51 9110
52 9110
53 9110
54 9110
55 9110
56 9110
57 9110
58 9110
59 9110
60 9110
61 9110
62 9110
63 9110
64 9110
65 9110
66 9110
67 9110
68 9110
69 9110
70 9110
71 9110
72 9110
73 9110
74 9110
75 9110
76 9110
77 9110
78 9110
79 9110
80 9110
81 9110
82 9110
83 9110
84 9110
85 9110
86 9110
87 9110
88 9110
89 9110
90 9110
91 9110
92 9110
93 9110
94 9110
95 9110
96 9110
97 9110
98 9110
99 9110
100 9110
101 9110
102 9110
103 9110
104 9110
105 9110
106 9110
107 9110
108 9110
109 9110
110 9110
111 9110
112 9110
113 9110
114 9110
115 9110
116 9110
117 9110
118 9110
119 9110
120 9110
121 9110
122 9110
123 9110
124 9110
125 9110
126 9110
127 9110
128 9110
129 9110
130 9110
131 9110
132 9110
133 9110
134 9110
135 9110
136 9110
137 9110
138 9110
139 9110
140 9110
141 9110
142 9110
143 9110
144 9110
145 9110
146 9110
147 9110
148 9110
149 9110
150 9110
151 9110
152 9110
153 9110
154 9110
155 9110
156 9110
157 9110
158 9110
159 9110
160 9110
161 9110
162 9110
163 9110
164 9110
165 9110
166 9110
167 9110
168 9110
169 9110
170 9110
171 9110
172 9110
173 9110
174 9110
175 9110
176 9110
177 9110
178 9110
179 9110
180 9110
181 9110
182 9110
183 9110
184 9110
185 9110
186 9110
187 9110
188 9110
189 9110
190 9110
191 9110
192 9110
193 9110
194 9110
195 9110
196 9110
197 9110
198 9110
199 9110
200 9110
201 9110
202 9110
203 9110
204 9110
205 9110
206 9110
207 9110
208 9110
209 9110
210 9110
211 9110
212 9110
213 9110
214 9110
215 9110
216 9110
217 9110
218 9110
219 9110
220 9110
221 9110
222 9110
223 9110
224 9110
225 9110
226 9110
227 9110
228 9110
229 9110
230 9110
231 9110
232 9110
233 9110
234 9110
235 9110
236 9110
237 9110
238 9110
239 9110
240 9110
241 9110
242 9110
243 9110
244 9110
245 9110
246 9110
247 9110
248 9110
249 9110
250 9110
251 9110
252 9110
253 9110
254 9110
255 9110
256 9110
257 9110
258 9110
259 9110
260 9110
261 9110
262 9110
263 9110
264 9110
265 9110
266 9110
267 9110
268 9110
269 9110
270 9110
271 9110
272 9110
273 9110
274 9110
275 9110
276 9110
277 9110
278 9110
279 9110
280 9110
281 9110
282 9110
283 9110
284 9110
285 9110
286 9110
287 9110
288 9110
289 9110
290 9110
291 9110
292 9110
293 9110
294 9110
295 9110
296 9110
297 9110
298 9110
299 9110
300 9110
301 9110
302 9110
303 9110
304 9110
305 9110
306 9110
307 9110
308 9110
309 9110
310 9110
311 9110
312 9110
313 9110
314 9110
315 9110
316 9110
317 9110
318 9110
319 9110
320 9110
321 9110
322 9110
323 9110
324 9110
325 9110
326 9110
327 9110
328 9110
329 9110
330 9110
331 9110
332 9110
333 9110
334 9110
335 9110
336 9110
337 9110
338 9110
339 9110
340 9110
341 9110
342 9110
343 9110
344 9110
345 9110
346 9110
347 9110
348 9110
349 9110
350 9110
351 9110
352 9110
353 9110
354 9110
355 9110
356 9110
357 9110
358 9110
359 9110
360 9110
361 9110
362 9110
363 9110
364 9110
365 9110
366 9110
367 9110
368 9110
369 9110
370 9110
371 9110
372 9110
373 9110
374 9110
375 9110
376 9110
377 9110
378 9110
379 9110
380 9110
381 9110
382 9110
383 9110
384 9110
385 9110
386 9110
387 9110
388 9110
389 9110
390 9110
391 9110
392 9110
393 9110
394 9110
395 9110
396 9110
397 9110
398 9110
399 9110
400 9110
401 9110
402 9110
403 9110
404 9110
405 9110
406 9110
407 9110
408 9110
409 9110
410 9110
411 9110
412 9110
413 9110
414 9110
415 9110
416 9110
417 9110
418 9110
419 9110
420 9110
421 9110
422 9110
423 9110
424 9110
425 9110
426 9110
427 9110
428 9110
429 9110
430 9110
431 9110
432 9110
433 9110
434 9110
435 9110
436 9110
437 9110
438 9110
439 9110
440 9110
441 9110
442 9110
443 9110
444 9110
445 9110
446 9110
447 9110
448 9110
449 9110
450 9110
451 9110
452 9110
453 9110
454 9110
455 9110
456 9110
457 9110
458 9110
459 9110
460 9110
461 9110
462 9110
463 9110
464 9110
465 9110
466 9110
467 9110
468 9110
469 9110
470 9110
471 9110
472 9110
473 9110
474 9110
475 9110
476 9110
477 9110
478 9110
479 9110
480 9110
481 9110
482 9110
483 9110
484 9110
485 9110
486 9110
487 9110
488 9110
489 9110
490 9110
491 9110
492 9110
493 9110
494 9110
495 9110
496 9110
497 9110
498 9110
499 9110
500 9110
501 9110
502 9110
503 9110
504 9110
505 9110
506 9110
507 9110
508 9110
509 9110
510 9110
511 9110
512 9110
513 9110
514 9110
515 9110
516 9110
517 9110
518 9110
519 9110
520 9110
521 9110
522 9110
523 9110
524 9110
525 9110
526 9110
527 9110
528 9110
529 9110
530 9110
531 9110
532 9110
533 9110
534 9110
535 9110
536 9110
537 9110
538 9110
539 9110
540 9110
541 9110
542 9110
543 9110
544 9110
545 9110
546 9110
547 9110
548 9110
549 9110
550 9110
551 9110
552 9110
553 9110
554 9110
555 9110
556 9110
557 9110
558 9110
559 9110
560 9110
561 9110
562 9110
563 9110
564 9110
565 9110
566 9110
567 9110
568 9110
569 9110
570 9110
571 9110
572 9110
573 9110
574 9110
575 9110
576 9110
577 9110
578 9110
579 9110
580 9110
581 9110
582 9110
583 9110
584 9110
585 9110
586 9110
587 9110
588 9110
589 9110
590 9110
591 9110
592 9110
593 9110
594 9110
595 9110
596 9110
597 9110
598 9110
599 9110
600 9110
601 9110
602 9110
603 9110
604 9110
605 9110
606 9110
607 9110
608 9110
609 9110
610 9110
611 9110
612 9110
613 9110
614 9110
615 9110
616 9110
617 9110
618 9110
619 9110
620 9110
621 9110
622 9110
623 9110
624 9110
625 9110
626 9110
627 9110
628 9110
629 9110
630 9110
631 9110
632 9110
633 9110
634 9110
635 9110
636 9110
637 9110
638 9110
639 9110
640 9110
641 9110
642 9110
643 9110
644 9110
645 9110
646 9110
647 9110
648 9110
649 9110
650 9110
651 9110
652 9110
653 9110
654 9110
655 9110
656 9110
657 9110
658 9110
659 9110
660 9110
661 9110
662 9110
663 9110
664 9110
665 9110
666 9110
667 9110
668 9110
669 9110
670 9110
671 9110
672 9110
673 9110
674 9110
675 9110
676 9110
677 9110
678 9110
679 9110
680 9110
681 9110
682 9110
683 9110
684 9110
685 9110
686 9110
687 9110
688 9110
689 9110
690 9110
691 9110
692 9110
693 9110
694 9110
695 9110
696 9110
697 9110
698 9110
699 9110
700 9110
701 9110
702 9110
703 9110
704 9110
705 9110
706 9110
707 9110
708 9110
709 9110
710 9110
711 9110
712 9110
713 9110
714 9110
715 9110
716 9110
717 9110
718 9110
719 9110
720 9110
721 9110
722 9110
723 9110
724 9110
725 9110
726 9110
727 9110
728 9110
729 9110
730 9110
731 9110
732 9110
733 9110
734 9110
735 9110
736 9110
737 9110
738 9110
739 9110
740 9110
741 9110
742 9110
743 9110
744 9110
745 9110
746 9110
747 9110
748 9110
749 9110
750 9110
751 9110
752 9110
753 9110
754 9110
755 9110
756 9110
757 9110
758 9110
759 9110
760 9110
761 9110
762 9110
763 9110
764 9110
765 9110
766 9110
767 9110
768 9110
769 9110
770 9110
771 9110
772 9110
773 9110
774 9110
775 9110
776 9110
777 9110
778 9110
779 9110
780 9110
781 9110
782 9110
783 9110
784 9110
785 9110
786 9110
787 9110
788 9110
789 9110
790 9110
791 9110
792 9110
793 9110
794 9110
795 9110
796 9110
797 9110
798 9110
799 9110
800 9110
801 9110
802 9110
803 9110
804 9110
805 9110
806 9110
807 9110
808 9110
809 9110
810 9110
811 9110
812 9110
813 9110
814 9110
815 9110
816 9110
817 9110
818 9110
819 9110
820 9110
821 9110
822 9110
823 9110
824 9110
825 9110
826 9110
827 9110
828 9110
829 9110
830 9110
831 9110
832 9110
833 9110
834 9110
835 9110
836 9110
837 9110
838 9110
839 9110
840 9110
841 9110
842 9110
843 9110
844 9110
845 9110
846 9110
847 9110
848 9110
849 9110
850 9110
851 9110
852 9110
853 9110
854 9110
855 9110
856 9110
857 9110
858 9110
859 9110
860 9110
861 9110
862 9110
863 9110
864 9110
865 9110
866 9110
867 9110
868 9110
869 9110
870 9110
871 9110
872 9110
873 9110
874 9110
875 9110
876 9110
877 9110
878 9110
879 9110
880 9110
881 9110
882 9110
883 9110
884 9110
885 9110
886 9110
887 9110
888 9110
889 9110
890 9110
891 9110
892 9110
893 9110
894 9110
895 9110
896 9110
897 9110
898 9110
899 9110
900 9110
901 9110
902 9110
903 9110
904 9110
905 9110
906 9110
907 9110
908 9110
909 9110
910 9110
911 9110
912 9110
913 9110
914 9110
915 9110
916 9110
917 9110
918 9110
919 9110
920 9110
921 9110
922 9110
923 9110
924 9110
925 9110
926 9110
927 9110
928 9110
929 9110
930 9110
931 9110
932 9110
933 9110
934 9110
935 9110
936 9110
937 9110
938 9110
939 9110
940 9110
941 9110
942 9110
943 9110
944 9110
945 9110
946 9110
947 9110
948 9110
949 9110
950 9110
951 9110
952 9110
953 9110
954 9110
955 9110
956 9110
957 9110
958 9110
959 9110
960 9110
961 9110
962 9110
963 9110
964 9110
965 9110
966 9110
967 9110
968 9110
969 9110
970 9110
971 9110
972 9110
973 9110
974 9110
975 9110
976 9110
977 9110
978 9110
979 9110
980 9110
981 9110
982 9110
983 9110
984 9110
985 9110
986 9110
987 9110
988 9110
989 9110
990 9110
991 9110
992 9110
993 9110
994 9110
995 9110
996 9110
997 9110
998 9110
999 9110
